ch
1001
1001
1001
1001
1000
1000
1000
1000
1000
1000
1000
1000
1000
1000
1000
1000
1000
1000
1000
1000
1000
1000
1000
1000
1000
1000
1000
1000
1000
1000
1000
1000
1000
1000
1000
1000
1000
1000
1000
1000
1000
1000
1000
1000
1000
1000
1000
1000
1000
1000
1000
1000
1000
1000
1000
1000
1000
1000
1000
1000
1000
1000
1000
1000
1000
1000
1000
1000
1000
1000
1000
1000
1000
1000
1000
1000
1000
1000
1000
1000
1000
1000
1000
1000
1000
1000
1000
1000
1000
1000
1000
1100
1100
1100
1100
1110
1110
0101
0100
0100
0100
0100
0100
0100
0100
0100
0100
0100
0100
0100
0100
0100
0100
0100
0100
0100
0100
0100
0100
0100
0100
0100
0100
0100
0100
0100
0100
0100
0100
0100
0100
0100
0100
0100
0100
0100
0100
0100
0100
0100
0100
0100
0100
0011
0010
0010
0010
0010
0010
0010
0010
0010
0010
0010
0010
0010
0010
0010
0010
0010
0010
0010
0010
0010
0010
0010
0010
0010
0010
