ch
0000010000000000000000000000000000
0000010000000000000000000000000000
0000010000000000000000000000000000
0000010000000000000000000000000000
0000010000000000000000000000000000
0000010000000000000000000000000000
0000010000000000000000000000000000
0000010000000000000000000000000000
0000001000000000000000000000000000
0000001000000000000000000000000000
0000001000000000000000000000000000
0000001000000000000000000000000000
0000001100000000000000000000000000
0000001000000000000000000000000000
0000000100000000000000000000000000
0000000100000000000000000000000000
0000000010100000000000000000000000
0000000010000000000000000000000000
0000000010000001000000000000000000
0000000010000000000000000000000000
0000000010000000000000000000000000
0000000010000000000000000000000000
0000000010000000000000000000000000
0000000010000000000000000000000000
0000000010000000000000000000000000
0000000010000000000000000000000000
0000000001000000000000000000000000
0000000001000000000000000000000000
0000000001000000000000000000000000
0000000001000000000000000000000000
0000000001000000000000000000000000
0000000001000000000000000000000000
0000000000100000000000000000000000
0000000000100000000000000000000000
0000000000100000000000000000000000
0000000000100000000000000000000000
0000000000100000000000000000000000
0000000000010000000000000000000000
0000000000010000000000000000000000
0000000000001000000000000000000000
0000000000000100000000000000000000
0000000000000100010000000000000000
0000000000000100000000000000000000
0000000000000100000000000000000000
0000000000000100000000000000000000
0000000000000010000000000000000000
0000000000000010000000000000000000
0000000000000010000000000000000000
0000000000000010000000000000000000
0000000000000010000000000000000000
0000000000000010000000000000000000
0000000000000010000000000000000000
0000000000000010000000000000000000
0000000000000001000000000000000000
0000000000000001000000000000000000
0000000000000001000000000000000000
0000000000000001000000000000000000
0000000000000001001000000000000000
0000000000000001000000000000000000
0000000000000001000000000000000000
0000000000000001000000000000000000
0000000000000001000000000000000000
0000000000000001000000000000000000
0000000000000001000000000000000000
0000000000000000100000000000000000
0000000000000000100100000000000000
0000000000000000100000000000000000
0000000000000000100000000000000000
0000000000000000100000000000000000
0000000000000000100000000000000000
0000000000000000100000000000000000
0000000000000000100000000000000000
0000000000000000010000000000000000
0000000000000000010000000000000000
0000000000000000010000000000000000
0000000000000000010000000000000000
0000000000000000010000000000000000
0000000000000000010000000000000000
0000000000000000010000000000000000
0000000000000000010000000000000000
0000000000000000010000000000000000
0000000000000000010000000000000000
0000000000000000010000000000000000
0000000000000000001000000000000000
0000000000000000001000000000000000
0000000000000000001010000000000000
0000000000000000001000000000000000
0000000000000000001000000000000000
0000000000000000000100000000000000
0000000000000000000100000000000000
0000000000000000000100000000000000
0000000000000000000100000000000000
0000000000000000000100000000000000
0000000000000000000100000000000000
0000000000000000000100000001000000
0000000000000000000100000000000000
0000000000000000000100100000000000
0000000000000000000100000000000000
0000000000000000000100000000000000
0000000000000000000010000000000000
0000000000000000000010000000000000
0000000000000000000010000000000000
0000000000000000000010000000000000
0000000000000000000010000000000000
0000000000000000000010000000000000
0000000000000000000010000000000000
0000000000000000000010000000000000
0000000000000000000010000000000000
0000000000000000000001000000000000
0000000000000000000001000000000000
0000000000000000000001000000000000
0000000000000000000001000000000000
0000000000000000000001001100000000
0000000000000000000001000000000000
0000000000000000000001000000000000
0000000000000000000000100000000000
0000000000000000000000101000000000
0000000000000000000000100000000000
0000000000000000000000100000000000
0000000000000000000000100000000000
0000000000000000000000010000000000
0000000000000000000000010000000000
0000000000000000000000010000000000
0000000000000000000000001000100000
0000000000000000000000001000000000
0000000000000000000000001000000000
0000000000000000000000001000000000
0000000000000000000000001100000000
0000000000000000000000001000000000
0000000000000000000000001000000000
0000000000000000000000000100000000
0000000000000000000000000100000000
0000000000000000000000000100000000
0000000000000000000000000100000000
0000000000000000000000000100000000
0000000000000000000000000100000000
0000000000000000000000000100000000
0000000000000000000000000100000000
0000000000000000000000000100000000
0000000000000000000000000100000000
0000000000000000000000000100000000
0000000000000000000000000101000000
0000000000000000000000000100000000
0000000000000000000000000100100000
0000000000000000000000000010000000
0000000000000000000000000010000000
0000000000000000000000000010000000
0000000000000000000000000010000000
0000000000000000000000000010000000
0000000000000000000000000000010000
0000000000000000000000000001000000
0000000000000000000000000001000000
0000000000000000000000000001000000
0000000000000000000000000001000000
0000000000000000000000000001000000
0000000000000000000000000001000000
0000000000000000000000000000100000
0000000000000000000000000000100000
0000000000000000000000000000100000
0000000000000000000000000000100000
0000000000000000000000000000100000
0000000000000000000000000000100000
0000000000000000000000000000100000
0000000000000000000000000000010000
0000000000000000000000000000010000
0000000000000000000000000000010000
0000000000000000000000000000010000
0000000000000000000000000000010000
0000000000000000000000000000010000
0000000000000000000000000000010000
0000000000000000000000000000010000
0000000000000000000000000000010000
0000000000000000000000000000010000
0000000000000000000000000000010000
0000000000000000000000000000010000
0000000000000000000000000000010000
0000000000000000000000000000001000
0000000000000000000000000000001000
0000000000000000000000000000001100
0000000000000000000000000000001000
0000000000000000000000000000001000
0000000000000000000000000000001000
0000000000000000000000000000001000
0000000000000000000000000000001000
0000000000000000000000000000001000
0000000000000000000000000000001000
0000000000000000000000000000001000
0000000000000000000000000000001000
0000000000000000000000000000000100
0000000000000000000000000000000100
0000000000000000000000000000000100
0000000000000000000000000000000100
0000000000000000000000000000000100
0000000000000000000000000000000100
0000000000000000000000000000000100
0000000000000000000000000000000010
0000000000000000000000000000000010
0000000000000000000000000000000010
0000000000000000000000000000000010
0000000000000000000000000000000010
0000000000000000000000000000000010
0000000000000000000000000000000010
0000000000000000000000000000000010
