ch
0000010000000000000000000000000000
0000010000000000000000000000000000
0000010001000000000000000000000000
0000011000000000000000000000000000
0000010000000000000000000000000000
0000010010000000000000000000000000
0000010000000001000000000000000000
0000010000000000000000000000000000
0000011001000010101000000000000000
0000010010000000000000000000000000
0000010000000000000000000000000000
0000010000000000000000000000000000
0000001000000100000000000000000000
0000001000000000000000000000000000
0000001000000000000000000000000000
0000001000000000000000000000000000
0000001000000000000000000000000000
0000001000000000000000000000000000
0000001000000000000000000000000000
0000001000000000000000000000000000
0000001000000000000000000000000000
0000001000000000000000000000000000
0000001000010000000000000101010100
0000001000000000000000000000000000
0000001000000000000000000000000000
0000001000000000000000000000000000
0000000100000000000000000000000000
0000000100000000000000000000000000
0000000100000000000000000000000000
0000000010000000000000000000000000
0000000010000000000000000000000000
0000000010000000000000000000000000
0000000011000001000000000000000000
0000000011000000000000000000000000
0000000011000000000000000000000000
0000000010000000000000000000000000
0000000010000000000000000000000000
0000000010000000000001000000000000
0000000001000000000000000000000000
0000000001000000000000000000000000
0000000001000000000000000000000000
0000000001000000000000000000000000
0000000001000000000000001000000000
0000000001000000000000010000000000
0000000001000000000000000000000000
0000000001000000000000000000000000
0000000001000000000000000000000000
0000000001010100000000000000000000
0000000000100000000000000000000000
0000000000100000000000000000000000
0000000000100000000000000000000000
0000000000100000000000000000000000
0000000000100000000000000000000000
0000000000100000000000000000000000
0000000000100000000000000000000000
0000000000100000000000000000000000
0000000000100000000000000000000000
0000000000100000000000000000000000
0000000000100000000000000000000000
0000000000100000000000000000000000
0000000000100000000000000000000000
0000000000100000110000000000000000
0000000000011000000000000000000000
0000000000000100000000000000000000
0000000000000100000000000000000000
0000000000000100000000000000000000
0000000000000010000000000000000000
0000000000000010011010000000000000
0000000000000001000000000000000000
0000000000000001000000000000000000
0000000000000001000000000000000000
0000000000000001000010000000000000
0000000000000001000000000000000000
0000000000000001000000000000000000
0000000000000001000000000000000000
0000000000000001000000000000000000
0000000000000001000000000000000000
0000000000000001000000000000000000
0000000000000001010000000000000000
0000000000000001000000000000000000
0000000000000001000000000000000000
0000000000000001000000000000000000
0000000000000000100000000000000000
0000000000000000100000000000000000
0000000000000000100000000000000000
0000000000000000100000000000000000
0000000000000000100000000000000000
0000000000000000100000000000000000
0000000000000000100000000000000000
0000000000000000010000000000000000
0000000000000000011000000000000000
0000000000000000010000000000000000
0000000000000000010000000000000000
0000000000000000010000000000000000
0000000000000000001100000000000000
0000000000000000001000000001000000
0000000000000000001000000000000000
0000000000000000001000000000000000
0000000000000000000100000000000000
0000000000000000000100000000000000
0000000000000000000100000000000000
0000000000000000000010000000000000
0000000000000000000010000000000000
0000000000000000000010000000000000
0000000000000000000010000000000000
0000000000000000000001000000000000
0000000000000000000000100000000000
0000000000000000000000101000000000
0000000000000000000000100000000000
0000000000000000000000010000000000
0000000000000000000000010000000000
0000000000000000000000001000000000
0000000000000000000000001000000000
0000000000000000000000001000010000
0000000000000000000000001000000000
0000000000000000000000001000000000
0000000000000000000000001100100000
0000000000000000000000001000000000
0000000000000000000000001000000000
0000000000000000000000001000000000
0000000000000000000000000100000001
0000000000000000000000000100000000
0000000000000000000000000100000000
0000000000000000000000000100000000
0000000000000000000000000101000000
0000000000000000000000000100000000
0000000000000000000000000100000000
0000000000000000000000000100000000
0000000000000000000000000100000000
0000000000000000000000000100000000
0000000000000000000000000110000000
0000000000000000000000000011000000
0000000000000000000000000001000000
0000000000000000000000000001000000
0000000000000000000000000001010000
0000000000000000000000000001000000
0000000000000000000000000001000000
0000000000000000000000000001000000
0000000000000000000000000001000000
0000000000000000000000000001000000
0000000000000000000000000001000000
0000000000000000000000000001000000
0000000000000000000000000000100000
0000000000000000000000000000100000
0000000000000000000000000000100000
0000000000000000000000000000010000
0000000000000000000000000000010000
0000000000000000000000000000010000
0000000000000000000000000000010000
0000000000000000000000000000010000
0000000000000000000000000000010000
0000000000000000000000000000001000
0000000000000000000000000000001001
0000000000000000000000000000001000
0000000000000000000000000000001000
0000000000000000000000000000001000
0000000000000000000000000000001000
0000000000000000000000000000001000
0000000000000000000000000000000100
0000000000000000000000000000000100
0000000000000000000000000000000110
0000000000000000000000000000000100
0000000000000000000000000000000010
0000000000000000000000000000000010
0000000000000000000000000000000001
0000000000000000000000000000000001
0000000000000000000000000000000001
