ch
1100001000000000000000000000000000
1100100000000000000000000000000000
0110000000000000000000000000000000
0100000000000000000000000000000000
0100000000010000000000000000000000
0100000000000000000000000000000000
0100000100000000000000000000000000
0100001000000000000000000000000000
0100000000000000000000000000000000
0100000000000000000000000000000000
0100000000001000000000000000000000
0010000000000000000000000000000000
0010000000000000000000000000000000
0010000000000000000000000000000000
0010000000000000000000000000000000
0001000000000000000000000000000000
0001010000100000000000000000000000
0001000000000000000000000000000000
0001100000000000000000000000000000
0000100000000000000000000000000000
0000110000000000000000000000000000
0000010000000000000000000000000000
0000010110000001000000000000000000
0000010000000000000000000000000000
0000011110000000000000000000000000
0000010000001000000000000000000000
0000011110000000000000000000000000
0000011000000000000000000000000000
0000010000000000000000000000000000
0000001000000000000000000000000000
0000001000000000000000000000000000
0000001000000000000000000000000000
0000001000000000000000000000000000
0000001000000000000000000000000000
0000001000000000000000000000000000
0000001000000000000000000000000000
0000001000000000000000000000000000
0000001000000000000000000000000000
0000001000000000000000000000000000
0000001000000000000000000000000000
0000001111100000000000000000000000
0000001000000000000000001000000000
0000001110000100000000000000000000
0000001000000000000000000000000000
0000000100100000000000000000000000
0000000100000000000000000000000000
0000000100000000000000000000000000
0000000110000000000000000000000000
0000000011000000000000000000000000
0000000010000100000000000000000000
0000000010000000000000000000000000
0000000010000000000000000000000000
0000000011000000000000000000000000
0000000000000000000100000000000000
0000000001000000000011100000000000
0000000001100000000000000000000000
0000000000100000000000000000000000
0000000000100010000000000000000000
0000000000100000000000000000000000
0000000000100000000000000000000000
0000000000100000000000000000000000
0000000000100000000000000000000000
0000000000100000000000000000000000
0000000000010000100000000000000000
0000000000001100000000000000000000
0000000000001010000000000000000000
0000000000001000000000000000000000
0000000000000100000000000000000000
0000000000000010000000000000000000
0000000000000010000000000000000000
0000000000000001000000000000000000
0000000000000001000000000000000000
0000000000000001100000000000000000
0000000000000001000000000000000000
0000000000000001000000000000000000
0000000000000001000000000000000000
0000000000000000110000000000000000
0000000000000000101000000110000000
0000000000000000011100000000000000
0000000000000000011000000000000000
0000000000000000001000000000000000
0000000000000000001000000000000000
0000000000000000001100000000000000
0000000000000000000100000000000000
0000000000000000000110000000000000
0000000000000000000010000000000000
0000000000000000000011000000000000
0000000000000000000001100000000000
0000000000000000000001101000100000
0000000000000000000001000000000000
0000000000000000000001100000000000
0000000000000000000001000000000000
0000000000000000000000110000000000
0000000000000000000000100000000000
0000000000000000000000010000000000
0000000000000000000000001000100000
0000000000000000000000001000000000
0000000000000000000000001100000000
0000000000000000000000001100000000
0000000000000000000000000100000000
0000000000000000000000000100000000
0000000000000000000000000100000000
0000000000000000000000000110000100
0000000000000000000000000100000000
0000000000000000000000000100000000
0000000000000000000000000110000000
0000000000000000000000000100000000
0000000000000000000000000010010000
0000000000000000000000000010000000
0000000000000000000000000010010000
0000000000000000000000000010000000
0000000000000000000000000010100000
0000000000000000000000000001100000
0000000000000000000000000001100000
0000000000000000000000000001000110
0000000000000000000000000001000000
0000000000000000000000000001000000
0000000000000000000000000001100000
0000000000000000000000000001100000
0000000000000000000000000001000000
0000000000000000000000000000100000
0000000000000000000000000000100000
0000000000000000000000000000100000
0000000000000000000000000000110000
0000000000000000000000000000100000
0000000000000000000000000000111100
0000000000000000000000000000100000
0000000000000000000000000000110000
0000000000000000000000000000010000
0000000000000000000000000000010000
0000000000000000000000000000010110
0000000000000000000000000000010000
0000000000000000000000000000010000
0000000000000000000000000000001000
0000000000000000000000000000001000
0000000000000000000000000000000100
0000000000000000000000000000000100
0000000000000000000000000000000100
