ch
1000010000000000000000000000000000
1000000000000000000000000000000000
1000000000000000000000000000000000
1000000000000000000000000000000000
1000101000000001000000000000000000
1000000000000000000000000000000000
1001010000000000000000000000000000
1100000000000000000000000000000000
1000001000000000000000000000000000
1000000000000000000000000000000000
1110000000000000000000000000000000
1000000000000000000000000000000000
1000000000000000000000000000000000
0000000000100000000000000000000000
0110000000010001000000000000000000
0100000000000000000000000000000000
0100000000000000000000000000000000
0100000000000000000000000000000000
0100000000000000000000000000000000
0100000000000000000000000000000000
0100000000000000000000000000000000
0100000000000000000000000000000000
0100000000000001000000000000000000
0100000000000000000000000000000000
0100000000000000000000000000000000
0010000011100000000000000000000000
0010010001000000000000000000000000
0010000000000000000000000000000000
0010000000011000000000000000000000
0001000000000000000000000000000000
0001000000000000000000000000000000
0001000010000000000000000000000000
0001000000000001000000000000000000
0000100000000000000000000000000000
0000010000000000000000000000000000
0000010000000000000000000000000000
0000011000000000000000000000000000
0000010000000000000000000000000000
0000000010000000000000000000000000
0000000000001000000000000000000000
0000000000101000000000000000000000
0000001000000000000000000000000000
0000001000000000000000000000000000
0000001000000000000000000000000000
0000001000000000000000000000000000
0000001000000000000000000000000000
0000001000000000000000000000000000
0000001100000000000000000000000000
0000001000000000000000000000000000
0000001000000010000000000000100000
0000001000000000000000000000000000
0000001000000000000000000000000000
0000001010100001000000000000010000
0000001000000000000000000000000000
0000001000000000000000000000000000
0000001000000000000000000000000000
0000001000000000000000000000000000
0000000100000000000000000000000000
0000000010000000000000000000000000
0000000010000000000000000000000000
0000000010000001000000000000000000
0000000010000000000000000000000000
0000000010000000000000000000000000
0000000010000000000000000000000000
0000000010000000000000000000000000
0000000010000000000000000000000000
0000000001000000000000000000000000
0000000001000000000000000000000000
0000000001000000000000000000000000
0000000000100000000000000000000000
0000000000100000000000000000000000
0000000000100000000000000000000000
0000000000100000000010000000000000
0000000000101000000000000000000000
0000000000100000000000001000000000
0000000000100000000000000000000000
0000000000101000000000000000000000
0000000000100000000000000000000000
0000000000100000000000000000000000
0000000000100000000000000000000000
0000000000100000000000000000000000
0000000000000000100010000000000000
0000000000001000000000000000000000
0000000000001000000000000000000000
0000000000001000000000000000000000
0000000000001000000000000000000000
0000000000001000000000000000000000
0000000000001000000000000000000000
0000000000000100000000000000000000
0000000000000100000000000000000000
0000000000000010000000000000000000
0000000000000011000000000000000000
0000000000000010000000000000000000
0000000000000010000000000000000000
0000000000000010000000000000000000
0000000000000010000000000000000000
0000000000000010000000000000000000
0000000000000010011100000000000000
0000000000000001000000000000000000
0000000000000001000000000000000000
0000000000000001110000000000000000
0000000000000001000000000000000000
0000000000000001000000000000000000
0000000000000001000010001000000000
0000000000000001000000000000000000
0000000000000001000000000000000000
0000000000000001000000000000000000
0000000000000001000000000000000000
0000000000000001000000000000000000
0000000000000001000000000000000000
0000000000000001100000000000000000
0000000000000001000000000000000000
0000000000000001000000000000000000
0000000000000001000000000000000000
0000000000000001000000000000000000
0000000000000001000000000000000000
0000000000000001000000000000000000
0000000000000001000000000000000000
0000000000000001000000000000000000
0000000000000001000000000000000000
0000000000000000100000000000000000
0000000000000000110000000000000000
0000000000000000100000000000000000
0000000000000000100000000000000000
0000000000000000100000000000000000
0000000000000000100000000000000000
0000000000000000100000000000000000
0000000000000000000000001000000000
0000000000000000010000000000000000
0000000000000000010000000000000000
0000000000000000010000000000000000
0000000000000000010000000000000000
0000000000000000010000000000000000
0000000000000000001000000000000000
0000000000000000001100000000000000
0000000000000000001000000000000000
0000000000000000001000000000000000
0000000000000000001000000000000000
0000000000000000001000000000000000
0000000000000000001000000000000000
0000000000000000001100000000000000
0000000000000000001000000000000000
0000000000000000000100000000000000
0000000000000000000100000000000000
0000000000000000000100000000000000
0000000000000000000100000000000000
0000000000000000000100000000000000
0000000000000000000100000000000000
0000000000000000000011000100000000
0000000000000000000010001000000000
0000000000000000000010000000000000
0000000000000000000010000000000000
0000000000000000000010000000000000
0000000000000000000010000000000000
0000000000000000000010000000000000
0000000000000000000010000000000000
0000000000000000000010000000000000
0000000000000000000010000000000000
0000000000000000000010000000000000
0000000000000000000010000000000000
0000000000000000000010000000000000
0000000000000000000001000100000000
0000000000000000000001000000000000
0000000000000000000001000000000000
0000000000000000000001000000100000
0000000000000000000001000000000000
0000000000000000000000101000000000
0000000000000000000000100110000000
0000000000000000000000100000000000
0000000000000000000000100000000000
0000000000000000000000010000000000
0000000000000000000000010000000000
0000000000000000000000001000000000
0000000000000000000000001000000010
0000000000000000000000001000000000
0000000000000000000000001000000000
0000000000000000000000001000000000
0000000000000000000000000100000000
0000000000000000000000000100000000
0000000000000000000000000100000000
0000000000000000000000000100000000
0000000000000000000000000100000000
0000000000000000000000000101010000
0000000000000000000000000100000000
0000000000000000000000000010010010
0000000000000000000000000010000000
0000000000000000000000000011000000
0000000000000000000000000010000000
0000000000000000000000000011000000
0000000000000000000000000011000000
0000000000000000000000000010100100
0000000000000000000000000001000000
0000000000000000000000000001000000
0000000000000000000000000001010010
0000000000000000000000000001000000
0000000000000000000000000001000000
0000000000000000000000000001000000
0000000000000000000000000001000000
0000000000000000000000000001001000
0000000000000000000000000001000000
0000000000000000000000000001000000
0000000000000000000000000001000000
0000000000000000000000000000111000
0000000000000000000000000000100000
0000000000000000000000000000100000
0000000000000000000000000000100000
0000000000000000000000000000011000
0000000000000000000000000000010000
0000000000000000000000000000010000
0000000000000000000000000000001100
0000000000000000000000000000001000
0000000000000000000000000000001000
0000000000000000000000000000000110
0000000000000000000000000000000100
0000000000000000000000000000000100
0000000000000000000000000000000100
0000000000000000000000000000000100
0000000000000000000000000000000100
0000000000000000000000000000000110
0000000000000000000000000000000100
0000000000000000000000000000000010
0000000000000000000000000000000010
