ch
0101000010000000000000000000000000
0100000000000000000000000000000000
0111000000000000000000000000000000
0100000000000000000000000000000000
0100000000000000000000000000000000
0100010000000000000000000000000000
0100001011000000000000000000000000
0100000000000000000000000000000000
0110000000000000000000000000000000
0000000000000111011000000000000000
0000001000000000000000000000000000
0010000000000000000000000000000000
0010000000000000001000000000000000
0010000000000000000000000000000000
0010100000000000000000000000000000
0001000000000000000000000000000000
0001111000000000000000000000000000
0000000000000000110000000000000000
0000001000000000000000000000000000
0000010000000000000000000000000000
0000010000000000000000000000000000
0000010000000000000000000000000000
0000010000000000000000000000000000
0000000000000000000011000000000000
0000001000000000000000000000000000
0000001000000000000000000000000000
0000001100000000000000000000000000
0000001010000000000000000000000000
0000001000000000000000000000000000
0000001000000000000000000000000000
0000001000000000000000000000000000
0000001010000000000000000000000000
0000001110000000000000000000000000
0000001010000000010000000000000000
0000000000001000000000000000000000
0000000100000000000000000000000000
0000000110000000000000000000000000
0000000100000000000000000000000000
0000000100000000000000000000000000
0000000010000101110000000000000000
0000000010000000000010000000000000
0000000010000000001000000000000000
0000000001000000000000000000000000
0000000000000000000000001000000000
0000000000100000000000000000000000
0000000000001101110000000000000000
0000000000001000000000000000000000
0000000000001000011000000000000000
0000000000000100000000000000000000
0000000000000100000000000000000000
0000000000000001000000000000000000
0000000000000000100000000000000000
0000000000000011000100000000000000
0000000000000001000000000000000000
0000000000000001010000000000000000
0000000000000001000000000000000000
0000000000000001000000000001100000
0000000000000001000000000000000000
0000000000000001000000000000000000
0000000000000001000000000000000000
0000000000000001100000000000000000
0000000000000001000000000000000000
0000000000000001000000000000000000
0000000000000001000000000000000000
0000000000000001000000000000000000
0000000000000000000111000000000000
0000000000000000101000000000000000
0000000000000000100000000000000000
0000000000000000110000000000000000
0000000000000000101000000000000000
0000000000000000010000000000000000
0000000000000000010000000000000000
0000000000000000011000000000000000
0000000000000000000000011100000000
0000000000000000000010000000000000
0000000000000000001011000000000000
0000000000000000001000000000000000
0000000000000000000100000000000000
0000000000000000000100000000000000
0000000000000000000100000000000000
0000000000000000000110000000000000
0000000000000000000010000000000000
0000000000000000000010000000000000
0000000000000000000010000000000000
0000000000000000000000100000000000
0000000000000000000001100000000000
0000000000000000000000100000000000
0000000000000000000000010000000000
0000000000000000000000001000000000
0000000000000000000000001000000000
0000000000000000000000001100000000
0000000000000000000000001000000000
0000000000000000000000000010000000
0000000000000000000000000110000000
0000000000000000000000000100000000
0000000000000000000000000100000000
0000000000000000000000000100000000
0000000000000000000000000101100000
0000000000000000000000000000000100
0000000000000000000000000011000000
0000000000000000000000000000000010
0000000000000000000000000001110000
0000000000000000000000000000011100
0000000000000000000000000000110000
0000000000000000000000000000100000
0000000000000000000000000000100000
0000000000000000000000000000001000
0000000000000000000000000000010100
0000000000000000000000000000010100
0000000000000000000000000000010000
0000000000000000000000000000010000
0000000000000000000000000000001000
0000000000000000000000000000001000
0000000000000000000000000000000110
0000000000000000000000000000000010
