ch
1000
1000
1000
1000
1000
1100
1000
1000
1000
1010
1000
1000
1000
1000
1000
1000
1000
1000
1000
1100
1100
1000
1000
1000
1000
1000
1000
1000
1000
1100
1000
1000
1000
1100
1000
1000
1000
1100
1000
1001
1010
1000
1000
1000
1000
1100
1000
1000
1000
1000
1000
1000
1000
1000
1000
1000
1000
1000
1000
1000
1000
1000
1000
1000
1000
1000
1000
1010
1000
1000
1000
1000
1000
1000
1000
1100
1000
1000
1000
1000
1010
1000
1000
1000
1010
1000
1000
1000
1000
1000
1000
1000
1000
1000
1000
1000
1000
1010
1000
1000
1000
1000
1000
0100
0100
0101
0100
0100
0100
0100
0100
0100
0100
0100
0100
0100
0100
0100
0100
0100
0100
0101
0100
0100
0100
0100
0100
0100
0100
0100
0100
0100
0100
0100
0101
0110
0100
0100
0100
0110
0100
0100
0110
0100
0100
0100
0100
0100
0100
0110
0100
0100
0100
0100
0010
0010
0010
0010
0010
0010
0010
0011
0010
0011
0010
0011
0011
0010
0011
0010
0010
0010
0010
0010
0011
0010
0010
0010
0010
0010
0010
0010
0010
0010
0010
0010
0010
0010
0010
0010
0010
0010
0010
0011
0010
0010
0010
0010
0010
0010
0010
0010
0010
0010
0010
0010
0010
0010
0010
0010
0010
0010
0011
0010
0010
0001
0001
0001
0001
0001
0001
0001
0001
0001
0001
0001
0001
0001
0001
0001
0001
0001
0001
0001
0001
0001
0001
0001
0001
0001
0001
0001
0001
0001
0001
0001
0001
0001
0001
0001
0001
0001
0001
0001
0001
0001
0001
0001
0001
0001
0001
0001
