ch
10001
10000
11100
10100
10000
10000
10010
10000
11000
10001
10000
10000
10000
10000
10000
10000
10000
10000
10000
10000
10000
10000
10000
10000
10000
10000
10000
11001
10000
10000
10000
10000
10000
10000
10000
10000
10000
10000
10000
10000
10000
10000
10000
10000
01000
01000
01000
01100
01000
01000
01000
01000
01000
01000
01000
01000
01001
01100
01000
01000
01100
01000
01000
01000
01000
01000
01000
01100
01000
01000
01000
01000
01000
01000
01000
01000
01000
01000
01000
01000
01000
01000
01000
01000
01010
01000
01000
01000
01100
01000
01000
01000
00100
00100
00100
00100
00100
00100
00100
00100
00100
00100
00100
00100
00100
00100
00100
00100
00100
00100
00100
00100
00100
00100
00100
00100
00100
00100
00100
00100
00100
00100
00100
00100
00100
00110
00100
00100
00100
00100
00100
00100
00100
00100
00100
00100
00100
00100
00100
00100
00100
00100
00100
00100
00100
00100
00010
00010
00010
00010
00010
00010
00010
00010
00010
00010
00010
00010
00010
00010
00010
00010
00010
00010
00010
00010
00010
00010
00001
00001
00001
00001
00001
00001
00001
00001
00001
00001
00001
00001
00001
00001
00001
00001
00001
00001
00001
00001
00001
