ch
10000
10000
10000
10000
10000
10000
10000
10000
10000
10000
10001
10010
10000
10000
10000
10100
10000
10000
10010
11000
10000
10000
10000
10000
10010
10000
10000
10000
10000
10000
10001
10000
10000
10000
10000
10000
10000
10000
10000
10001
10000
10000
10001
10000
10000
01100
01010
01000
01000
01000
01100
01100
01010
01000
01000
01000
01000
01000
01001
01000
01000
01000
01000
01000
01001
01001
01110
00110
00100
00100
00100
00100
00100
00100
00100
00100
00101
00101
00100
00100
00100
00101
00101
00100
00100
00100
00100
00100
00110
00100
00100
00100
00100
00100
00100
00010
00010
00010
00010
00010
00010
00010
00010
00010
00010
00010
00010
00010
00010
00010
00010
00010
00010
00010
00010
00010
00010
00010
00010
00001
00001
00001
00001
00001
00001
00001
00001
00001
00001
00001
00001
00001
00001
00001
00001
00001
00001
00001
00001
00001
00001
00001
00001
00001
00001
